username,password,userId,memberId,memberEmail,selectedOrgId,accountProgramId,messageId,classroomId
coach12342@yopmail.com,Healthfleet2015,4EFF494F057C0A02E0530100007FBB84,5F1A8E628E5B281CE0530100007F2D95,,553DFB3C22785087E0530100007F302B,5F1A8E632CE7281AE0530100007F8F15,60C321907CE17801E0530100007F0394,5F1A9D3902311693E0530100007F1D8B
